Diethyl sulfide
00352-93-2
90.19
6.98
0.749
7.541
1,560.5
246.59
-39
190
197
Diethylamine {N-ethyl ethanamine}
00109-89-7
73.14
5.89
2.712
5.737
559.1
140.18
89
141
132
Diethylbenzene (1,2)
00135-01-3
134.22
7.34
0.0094
6.990
1,577.9
200.55
206
364
361
Diethylbenzene (1,3)
00141-93-5
134.22
7.18
0.010
7.006
1,576.3
201.00
203
360
358
Diethylbenzene (1,4)
00105-05-5
134.22
7.20
0.010
7.001
1,589.3
202.02
206
365
363
Di-isopropyl ether
00108-20-3
102.17
6.04
1.877
6.842
1,135.0
218.23
74
153
155
Dimethoxyethane (1,2)
00110-71-4
90.12
7.25
0.966
6.713
1,260.5
235.83
-55
199
185
Dimethyl formamide (n,n)
00068-12-2
73.09
7.88
0.040
6.806
1,337.7
190.50
86
194
307
Dimethyl hydrazine (1,1)
00057-14-7
60.10
6.60
1.896
7.588
1,388.5
232.54
-32
68
146
Dimethyl phthalate
00131-11-3
194.18
9.94
2.25E-08
4.522
700.3
51.42
180
304
540
Dimethylbutane (2,3)
00079-29-8
86.18
5.52
3.064
6.810
1,127.2
228.95
58
138
136
Dimethylcyclopentane (1,1)
01638-26-2
98.19
6.26
0.932
6.830
1,226.6
222.76
60
192
190
Dimethylpentane (2,2)
00590-35-2
100.20
5.63
1.315
6.815
1,190.3
223.34
60
176
174
Dimethylpentane (2,3)
00565-59-3
100.20
5.80
0.842
6.862
1,242.6
222.34
64
195
194
Dimethylpentane (2,4)
00108-08-7
100.20
5.62
1.221
6.836
1,197.6
222.27
57
178
177
Dimethylpentane (3,3)
00562-49-2
100.20
5.79
1.029
6.831
1,231.0
225.58
56
189
187
Dioxane (1,4)
00123-91-1
88.11
8.63
0.439
7.456
1,570.1
241.85
68
221
214
Dipropyl ether {di-n-propyl ether}
00111-43-3
102.17
6.23
0.754
6.945
1,254.8
218.82
80
192
194
Dodecane (n)
00112-40-3
170.33
6.25
0.00093
6.981
1,625.9
180.31
259
423
421
Epichlorohydrin {chloromethyl oxirane}
00106-89-8
92.52
9.85
0.194
8.229
2,086.8
273.16


241
Ethane
00074-84-0
30.07

472
6.813
659.7
256.431
-215
-100
-127
Ethanolamine (mono)
00141-43-5
61.08
8.50
0.002
7.168
1,408.9
157.06
150
340
339
Ethyl acetate
00141-78-6
88.11
7.51
1.135
7.103
1,245.7
217.96
60
168
171
Ethyl acrylate {ethyl ester 2-propenoic acid}
00140-88-5
100.12
7.71
0.445
7.150
1,366.1
220.47
-21
211
211
Ethyl alcohol {ethanol}
00064-17-5
46.07
6.59
0.648
8.247
1,670.4
232.96
32
173
173
Ethyl chloride
00075-00-3
64.51
7.43
16.63
7.037
1,052.8
241.07
-69
55
61
Ethyl ether {diethyl ether}
00060-29-7
74.12
5.96
6.675
6.897
1,062.6
228.22
-10
132
94
Ethylamine
00075-04-7
45.08
5.65
14.08
7.405
1,203.8
249.43
62
349
64
Ethylbenzene
00100-41-4
106.17
7.24
0.104
6.950
1,419.3
212.61
134
279
277
Ethylcyclopentane
01640-89-7
98.19
6.40
0.475
6.898
1,305.0
221.40
84
220
218
Ethylene {ethene}
00074-85-1
28.05
4.74
749
6.748
584.1
254.84
-191
-120
-155
Ethyleneoxide
00075-21-8
44.05
7.3650
17.84
8.722
2,022.8
335.81
32
89
53
Ethylpentane (3)
00617-78-7
100.20
5.83
0.701
6.880
1,254.1
220.15
70
202
200
