Acetaldehyde
00075-07-0
44.05
6.54
12.19
8.063
1,637.1
295.47
32
94
69
Acetic acid
00064-19-7
60.05
8.72
0.176
7.557
1,642.5
233.39
63
244
244
Acetic anhydride {acetic acid anhydride}
00108-24-7
102.09
9.03
0.053
7.122
1,427.8
198.04
145
283
282
Acetone
00067-64-1
58.08
6.55
2.921
7.300
1,312.3
240.71
7
454
133
Acetonitrile
00075-05-8
41.05
6.56
1.090
7.154
1,355.4
235.30
59
192
179
Acrylamide
00079-06-1
71.08
9.36
8.57E-05
11.293
3,939.9
273.16


379
Acrylic acid {2-propenoic acid}
00079-10-7
72.06
8.77
1.344
5.652
648.6
154.68
68
158
282
Acrylonitrile {2-propenenitrile}
00107-13-1
53.06
6.73
1.383
6.942
1,255.9
231.30
–60
172
172
Allyl alcohol
00107-18-6
58.08
7.13
0.326
11.658
4,510.2
416.80
70
207
206
Allyl chloride {3-chloro-1-propene}
00107-05-1
76.52
7.83
4.702
5.297
418.4
128.68
55
111
113
Aniline
00062-53-3
93.13
8.53
0.0058
7.221
1,661.9
199.10
88
363
363
Benzene
00071-43-2
78.11
7.32
1.171
6.906
1,211.0
220.79
46
217
176
Benz[a]anthracene
00056-55-3
228.29

7.92E-10
11.528
5,461
273.15
219
260
820
Benzo[a]pyrene
00050-32-8
252.31

2.29E-11
12.482
6,181
273.15
185
316
923
Benzo[ghi]perylene
00191-24-2
276.33

2.07E-13
11.820
6,580
273.15
391
513

Biphenyl
00092-52-4
154.21
8.68
2.37E-04
7.245
1,998.7
202.73
156
520
489
Butadiene (1,3) {divinyl}
00106-99-0
54.09
5.13
30.22
6.873
941.7
240.40
–104
29
24
Butane (n)
00106-97-8
58.12
4.78
25.67
6.725
909.7
237.00
–108
31
32
Butene (1)
00106-98-9
56.11
4.91
30.83
7.122
1,099.2
264.89
–108
25
21
Butene (cis-2)
00590-18-1
56.11
5.14
22.62
6.863
957.1
236.65
–94
73
39
Butene (2-methyl-1)
00563-46-2
70.13
5.43
8.257
6.862
1,047.8
232.06
34
145
88
Butene (trans-2)
00624-64-6
56.11
5.00
24.97
6.919
982.2
242.38
–97
34
34
Butyl alcohol (n) {butanol (1)}
00071-36-3
74.12
6.76
0.062
7.421
1,351.6
179.81
73
244
243
Butyl alcohol (tert) {1,1-dimethyl ethanol}
00075-65-0
74.12
6.58
0.424
7.373
1,174.9
179.23
103
180
180
Butyl chloride (-n) {1-chloro-butane}
00109-69-3
92.57
7.40
1.255
6.871
1,182.9
218.27
2
173
170
