Fluoranthene
00206-44-0
202.25
10.45
3.96E-08
12.836
5,348.1
273.15
77
230
723
Fluorobenzene
00462-06-6
96.10
8.53
0.936
7.237
1,409.8
238.36
0
183
185
Formic acid
00064-18-6
46.03
10.18
0.516
4.876
515.0
133.74
33
93
213
Freon 11 {trichlorofluoromethane}
00075-69-4
137.37
12.48
10.93
6.884
1,043.0
236.88


75
Furan
00110-00-9
68.07
7.94
7.963
6.975
1,060.8
227.73
37
143
89
Furfural {2-furancarboxaldehyde}
00098-01-1
96.09
9.68
0.018
6.969
1,430.1
188.70
133
321
323
Heneicosane (n)
00629-94-7
296.57
6.61
6.23E-07
8.796
3,571.2
253.20
307
663
679
Heptane (n)
00142-82-5
100.20
5.71
0.541
6.903
1,268.6
216.95
79
211
209
Heptene (1)
00592-76-7
98.19
5.82
0.752
7.093
1,400.7
238.96
32
192
201
Hexadiene (1,5)
00592-42-7
82.14
5.74
2.890
6.563
1,008.1
214.16
32
138
140
Hexane (n)
00110-54-3
86.18
5.47
1.913
6.878
1,171.5
224.37
55
157
156
Hexanol (1)
00111-27-3
102.17
6.79
0.005
7.288
1,422.0
165.44
126
315
314
Hexene (1)
00592-41-6
84.16
5.62
2.378
6.866
1,153.0
225.85
61
148
147
Hydrogen cyanide {hydrocyanic acid}
00074-90-8
27.03
5.74
9.931
7.549
1,340.8
261.56
2
115
79
Isobutane {methylpropane (2)}
00075-28-5
58.12
4.60
38.22
6.819
912.1
243.34
-121
11
12
Isobutene {methylpropene (2)}
00115-11-7
56.11
4.92
32.18
6.522
799.1
226.54
-70
32
20
Isobutyl alcohol {2-methyl 1-propanol}
00078-83-1
74.12
6.69
0.096
7.306
1,237.0
171.62
176
240
226
Isooctane {2,2,4-trimethylpentane}
00540-84-1
114.23
5.74
0.596
6.812
1,257.8
220.74
76
212
211
Isopentane {2-methyl butane}
00078-78-4
72.15
5.18
9.426
6.790
1,020.0
233.10
61
83
82
Isopentene {2-methyl 2-butene}
00513-35-9
70.13
5.53
6.210
6.922
1,098.6
233.26
37
159
100
Isoprene {2-methyl 1,3-butadiene}
00078-79-5
68.12
5.67
7.446
6.091
706.9
186.10
62
93
93
Isopropyl alcohol {isopropanol}
00067-63-0
60.10
6.52
0.443
7.736
1,357.4
197.34
134
193
180
Isopropyl benzene {cumene}
00098-82-8
120.19
7.19
0.048
6.929
1,455.8
207.20
158
308
305
Isopropylbenzene (1-methyl-2)
00527-84-4
134.22
7.32
0.017
7.417
1,880.5
236.27
178
355
350
Methacrylonitrile {2-methyl 2-propenenitrile}
00126-98-7
67.09
6.68
0.886
6.999
1,353.6
238.03
-48
194
194
