Methane
00074-82-8
16.04
3.53
4567
7.096
516.7
284.37
–262
–117
–260
Methyl acetate {methyl ester acetic acid}
00079-20-9
74.08
7.80
2.703
7.079
1,164.4
220.46
35
133
134
Methyl acrylate {methyl ester 2-propenoic acid}
00096-33-3
86.09
7.96
1.058
7.198
1,338.7
229.63
–47
176
177
Methyl alcohol {methanol}
00067-56-1
32.04
6.61
1.476
8.079
1,581.3
239.65
59
183
148
Methyl ethyl ketone {2-butanone}
00078-93-3
72.11
6.68
1.081
6.864
1,150.2
209.25
106
207
176
Methyl isobutyl ketone
00108-10-1
100.16
6.65
0.219
6.828
1,254.1
201.61
71
241
241
Methyl methacrylate
00080-62-6
100.12
7.88
0.416
8.253
1,945.6
265.58
102
192
213
Methyl propyl ether
00557-17-5
74.12
6.14
6.017
6.563
903.6
206.46
31
103
102
Methyl styrene (alpha)
00098-83-9
118.18
7.60
0.024
6.924
1,486.9
202.40


329
Methylcyclohexane
00108-87-2
98.19
6.42
0.558
6.823
1,270.8
221.42
27
261
214
Methylcyclopentane
00096-37-7
84.16
6.25
1.738
6.863
1,186.1
226.04
59
163
161
Methyldichlorosilane
20156-50-7
115.03
8.91
5.718
7.028
1,167.8
240.70
34
106

Methylene chloride
00075-09-2
84.93
11.07
5.640
7.412
1,327.0
252.68
–40
104
104
Methylhexane (2)
00591-76-4
100.20
5.66
0.799
6.882
1,240.9
220.10
65
196
194
Methylhexane (3)
00589-34-4
100.20
5.72
0.744
6.874
1,243.8
219.63
68
199
197
Methylpentane (2)
00107-83-5
86.18
5.43
2.730
6.839
1,135.4
226.57
55
142
142
Methyl-tert-butyl ether {MTBE}
01634-04-4
88.15
6.18
3.226
6.867
1,116.1
224.74
125
431
131
Morpholine
00110-91-8
87.12
8.35
0.109
7.718
1,745.8
235.00
32
111
263
Naphthalene
00091-20-3
128.17
8.56
0.0024
7.146
1,831.6
211.82
177
354
422
Nitrobenzene
00098-95-3
123.11
10.05
0.0022
7.091
1,727.6
199.71
273
411
412
Nitromethane
00075-52-5
61.04
9.49
0.415
7.281
1,446.2
227.52
132
277
214
Nonadecane (n)
00629-92-5
268.52
6.56
3.64E-07
33.303
28,197
725.94
91
131
624
Nonane (n)
00111-84-2
128.26
5.99
0.037
6.700
1,492.9
217.26
–64
94
303
Octadecane (n)
00593-45-3
254.49
6.4882
6.16E-07
7.207
2,069.0
161.22
346
602
592
Octane (n)
00111-65-9
114.23
5.8377
0.142
8.076
1,936.3
253.01
–70
75
258
Octanol (1)
00111-87-5
130.23
6.9077
0.00061
9.352
2,603.4
224.35
68
176
383
Octene (1)
00111-66-0
112.21
5.97
0.196
6.933
1,353.5
212.76
113
252
251
Pentachloroethane
00076-01-7
202.29
14.02
0.040
6.643
1,342.3
196.51
77
324
324
Pentadiene (1,2)
00591-95-7
68.12
5.78
4.718
6.936
1,125.5
231.88
–76
–19
113
Pentadiene (1,4)
00591-93-5
68.12
5.52
10.06
7.035
1,108.2
241.05
–110
65
79
Pentadiene (2,3)
00591-96-8
68.12
5.80
4.223
7.263
1,256.2
239.57
–76
–15
119
Pentane (n)
00109-66-0
72.15
5.23
6.884
6.864
1,070.6
232.70
24
155
97
Pentene (1)
00109-67-1
70.13
5.35
8.671
6.786
1,014.3
229.78
55
87
88
Pentyne (1)
00627-19-0
68.12
5.76
5.657
6.967
1,092.5
227.18
–47
142
104
