Butyl ether (di-tert)
06163-66-2
130.23
6.39
0.381
6.590
1,157.7
203.05
39
228
224
Carbon disulfide
00075-15-0
76.14
10.54
4.817
6.942
1,168.6
241.53
38
176
115
Carbon tetrachloride
00056-23-5
153.82
13.31
1.431
6.898
1,221.8
227.41
68
172
170
Chlorobenzene
00108-90-7
112.56
9.23
0.134
6.986
1,435.7
218.03
144
269
269
Chlorobutane (2)
00078-86-4
92.57
7.27
1.255
6.871
1,182.9
218.27
2
173
170
Chloroform
00067-66-3
119.38
12.38
2.468
7.083
1,233.1
232.20
-73
142
142
Chloroprene {2-chloro-1,3-butadiene}
00126-99-8
88.54
7.98
2.736
6.291
841.9
187.79
68
140
140
Chlorotoluene (o) {1-chloro-2methylbenzene}
00095-49-8
126.58
9.04
0.039
7.363
1,768.1
234.76
42
319
318
Chrysene {benzo[a]phenanthrene}
00218-01-9
228.29
10.63
1.86E-11
12.320
6,160
273.15
185
374
838
Cresol (m) {3-methyl-phenol}
00108-39-4
108.14
8.63
0.0013
7.477
1,833.1
196.74
301
394
396
Cresol (o) {2-methyl-phenol}
00095-48-7
108.14
9.47
0.0016
6.843
1,391.3
160.18
248
376
376
Cresol (p) {4-methyl-phenol}
00106-44-5
108.14
8.50
0.00062
7.016
1,498.6
160.55
262
395
395
Cyclohexane
00110-82-7
84.16
6.46
1.212
6.845
1,203.5
222.86
68
179
177
Cyclohexanol
00108-93-0
100.16
8.03
0.00090
5.956
777.4
91.11
201
321
320
Cyclohexanone
00108-94-1
98.14
7.91
0.0042
5.978
1,495.5
209.55
193
330
311
Cyclohexene
00110-83-8
82.14
6.77
0.110
5.872
1,221.9
223.17
98
196
181
Cyclopentane
00287-92-3
70.13
6.22
4.171
6.878
1,119.2
230.74
60
122
121
Cyclopentanone
00120-92-3
84.12
7.92
0.130
3.958
376.4
104.65
32
78
266
Cyclopentene
00142-29-0
68.12
6.44
3.264
6.921
1,121.8
223.45


111
Decane (-n)
00124-18-5
142.28
6.09
0.011
3.085
440.6
116.25
-21
99
345
Dibromopropane (1,2)
00078-75-1
201.89
16.13
0.088
7.314
1,667.0
234.85
19
287
286
Dibromopropane (1,3)
00109-64-8
201.89
16.55
0.029
7.309
1,776.7
233.46
49
333
314
Dichloroethane (1,1)
00075-34-3
98.96
9.81
2.863
7.097
1,229.2
233.95
-77
135
135
Dichloroethane (1,2)
00107-06-2
98.96
10.40
0.961
7.460
1,521.8
248.48
-23
211
182
Dichloroethylene (1,2) {1,2 dichloroethene}
00540-59-0
96.94
10.76
2.579
7.022
1,205.4
230.60
32
183
141
Dichloroethylene (trans-1,2)
00156-60-5
96.94
10.49
4.333
6.965
1,141.9
231.90
-36
185
118
Dichlorotoluene (3,4)
00095-75-0
161.03
10.49
0.0029
7.344
1,882.5
215.00
32
221
408
Diethoxyethane (1,1)
00105-57-7
118.17
6.89
0.307
7.625
1,574.0
229.47
-10
216
212
Diethoxymethane
00462-95-3
104.15
6.94
0.810
6.986
1,270.2
221.26
32
167
191
Diethyl (n,n) aniline {N,N-diethylbenzenamine}
00091-66-7
149.23
7.77
0.0031
8.258
2,652.8
277.32
122
425
422
Diethyl ketone {3-pentanone}
00096-22-0
86.13
6.7677
0.423
5.741
716.2
147.17
97
215
215
