Phenanthrene
00085-01-8
178.23
8.18
3.37E-06
7.394
2,428.5
202.19
212
302
635
Phenol
00108-95-2
94.11
8.80
0.003
7.122
1,509.7
174.20
225
359
359
Phosgene
00075-44-5
98.92
11.45
19.43
7.146
1,072.7
243.30
47
345
46
Picoline (3) {3-methyl pyridine}
00108-99-6
93.13
7.98
0.064
7.054
1,484.3
211.54
165
364
291
Propane
00074-98-6
44.10
4.1277
111
6.858
819.3
248.73
–45
117
–44
Propanethiol (1)
00107-03-9
76.16
7.02
1.943
6.929
1,183.4
224.63
76
216
154
Propanethiol (2)
00075-33-2
76.16
6.80
3.590
6.877
1,113.9
226.16
51
186
131
Propyl alcohol (n) {propanol (1)}
00071-23-8
60.10
6.67
0.218
8.189
1,690.9
221.35
67
207
207
Propyl nitrate (n) {propyl ester nitric acid}
00627-13-4
105.09
8.80
0.261
6.955
1,294.4
206.70
32
158
231
Propylamine (n) {1-propanamine}
00107-10-8
59.11
5.99
3.990
6.926
1,044.0
210.84
73
172
120
Propylene {propene}
00115-07-1
42.08
4.22
132
6.850
795.8
248.27
–161
–53
–54
Propylene glycol (1,2) {1,2 propanediol}
00057-55-6
76.09
8.65
0.00094
8.208
2,085.9
203.54


368
Propylene oxide
00075-56-9
58.08
7.17
7.101
6.970
1,065.3
226.28
–100
94
95
Pyridine
00110-86-1
79.10
8.20
0.233
7.038
1,371.4
214.65
153
307
240
Resorcinol
00108-46-3
110.11
10.61
6.65E-06
8.398
2,687.2
210.99
305
530
532
Styrene
00100-42-5
104.15
7.56
0.066
7.095
1,525.1
216.77
86
293
295
Tetrachloroethane (1,1,1,2)
00630-20-6
167.85
12.86
0.133
6.906
1,370.4
210.25
139
266
271
Tetrachloroethane (1,1,2,2)
00079-34-5
167.85
13.32
0.037
6.091
959.6
149.78
77
266
295
Tetrachloroethylene
00127-18-4
165.83
13.54
0.213
7.056
1,440.8
223.98
82
226
250
Tetrahydrofuran
00109-99-9
72.11
7.42
2.039
6.996
1,202.9
226.33
74
211
151
Toluene
00108-88-3
92.14
7.24
0.331
7.017
1,377.6
222.64
32
122
231
Trichloroethane (1,1,1)
00071-55-6
133.40
11.18
1.650
8.761
2,210.2
308.05
22
62
165
Trichloroethane (1,1,2)
00079-00-5
133.40
12.02
0.245
6.945
1,310.3
208.74
122
237
237
Trichloroethylene
00079-01-6
131.39
12.22
0.817
6.429
974.5
187.34
64
188
189
Trichloropropane (1,2,3)
00096-18-4
147.43
11.59
0.031
7.532
1,818.9
232.52
48
316
313
Tridecane (n)
00629-50-5
184.36
6.31
2.46E-04
7.003
1,689.1
174.28
283
457
453
Trifluoroethane (1,1,2-trichloro-1,2,2)
00076-13-1
187.37
13.05
4.376
6.880
1,099.9
227.50
–13
181
118
Trimethylbenzene (1,2,4)
00095-63-6
120.19
7.31
0.020
7.044
1,573.3
208.56
126
388
337
Trimethylchlorosilane {chlorotrimethylsilane}
00075-77-4
108.64
7.15
3.068
6.951
1,191.0
235.15
37
132
136
Trimethylpentane (2,2,3)
00564-02-3
114.23
5.74
0.378
6.825
1,294.9
218.42


230
